y x1 x2 x3B
   1.8109980574554725       0.88239712036067863        1.1092039853197933        0.0000000000000000     
 -0.69539656747420486       -1.9243631326997614       0.53010705036777739        1.0000000000000000     
   1.9575734470676744       -1.8007091146233931       -2.3475175122010912        0.0000000000000000     
   5.9261429090963915       0.46327352189076687      -0.50802074667820318        1.0000000000000000     
   2.0191305391575023       0.55146745440345557       0.22630586422113680        0.0000000000000000     
 -0.87950750149119095       0.34426179552753683        1.1352214509980449        0.0000000000000000     
   5.9013961848882293       0.17496243463536951      -0.45710503519679874        1.0000000000000000     
  0.48731213741042312      -0.36355602398577314      -0.27908141587687429        0.0000000000000000     
  -3.9626604166934634       -5.1893871557191574E-003   1.8344455609087338        0.0000000000000000     
   3.2534593736844526      -0.23146262254400665       0.60561004793508111        1.0000000000000000     
   4.2126741912503469       0.52830565784729544      -0.79345540296481054        1.0000000000000000     
   4.2455241004471107       0.40158222757613710      -0.72526046238160535        0.0000000000000000     
   5.2779597024306888       0.36796840952278781      -0.47410405197204541        1.0000000000000000     
   3.8992821079984035      -0.25144336438984849       -1.7261476442790484        0.0000000000000000     
   3.1485393584038839       -6.8958214030737958E-002  0.31579820027847755        1.0000000000000000     
   2.8671986651351564        1.2668428195545025       0.85678732132436852        0.0000000000000000     
  0.62806770660293454      -0.50264315237053081      -0.25526486171795326        0.0000000000000000     
   1.7852276571850119       0.26650140107193199       0.80685340605817102        1.0000000000000000     
   4.2690202477035246       0.86952502784708419       -1.1312730796547041        0.0000000000000000     
   2.5630003888096198       0.46388853065678032       0.61972490570392569        1.0000000000000000     
  -2.1944475538598427      -0.38217809714038870       0.96987698953201140        0.0000000000000000     
   2.8293190338963692       -5.1896551233080894E-002  -1.1993167451654572        0.0000000000000000     
   5.2183645990513217       0.91895379301268676      -0.62755565919595202        0.0000000000000000     
  -6.8945781468628047       -2.1015224893662872        1.1167343954904996        0.0000000000000000     
   3.8905892481436917        8.9801486779822831E-002 -0.26326002532993908        1.0000000000000000     
   6.6892135747742705       0.31916710872412146      -0.81158402997278534        1.0000000000000000     
   6.4506549028792453        1.1948616157119079       0.53986047491417477        1.0000000000000000     
   3.7391108889202167        1.2250674504953367       0.32970219337611922        0.0000000000000000     
   4.4084987364315440      -0.10927940955151877      -0.84269259414769082        1.0000000000000000     
   5.7951557433509890       0.94468459810822492      -0.92843647051820632        0.0000000000000000     
   6.5202601493341259       0.90538954097150259      -0.43688242403404132        1.0000000000000000     
   4.2933365406916151      -0.69112152161599272      -0.92657370388182736        1.0000000000000000     
   3.7561257585443055        1.5962117715657171       0.25394374991490531        0.0000000000000000     
 -0.78805346835972245       -6.5435430664183267E-002  0.99292214689436087        0.0000000000000000     
 -0.70524175150910740       0.41801304093581021       0.81565846205572645        0.0000000000000000     
   1.7700506925571977       0.74942281344974016       0.55763279522549469        0.0000000000000000     
 -0.79931559119538553      -0.24178746714530858       0.55354845734235258        0.0000000000000000     
   6.8723426418207971        1.4138255514866125      -0.20369438315087299        1.0000000000000000     
   2.2189805888296146       0.46496191937800069       0.21245300401799500        0.0000000000000000     
   3.1437211327840653       0.38024125488128108       0.75297234607743568        1.0000000000000000     
   3.8973046869418715       0.26514918043384772       -2.1439587896478058        0.0000000000000000     
   3.0336729118914394       0.87971471942764023      -0.13382264251799372        0.0000000000000000     
  0.95435599970342122       0.46500748716050455        1.3881817798813780        0.0000000000000000     
   6.6170214326174595      -0.26111678440353836      -0.63219257552861363        1.0000000000000000     
  -3.0010593575857643       -1.5246640884830656       0.51664214012994181        0.0000000000000000     
   2.8751057792201018        9.6290213190907248E-002  0.53565897729946010        1.0000000000000000     
   8.9632672593584211        1.0179584871080065       -1.0661350299034200        1.0000000000000000     
   4.9690944760347966       0.42898353826424945      -0.95921096823377006        1.0000000000000000     
  -1.7737384925884918       0.48443018814386918        1.7722633107646741        0.0000000000000000     
   7.3597533899559044      -0.20226713148923869       -2.2365905560929593        1.0000000000000000     
  -1.2340152244983036      -0.63427103330061929       0.38703063525218889        0.0000000000000000     
   3.9841847634871970       0.73458301927209668       0.66679745522857048        1.0000000000000000     
  -3.9453950478171649      -0.87774705527094410        1.8989281365520896        0.0000000000000000     
 -0.27635387914551979      -0.84555453178031759        4.1377235619853681E-002   1.0000000000000000     
  0.72572985088671182      -0.70130206025647246        1.0267339430423368        1.0000000000000000     
   6.3303871199839730       0.37403307672178582       -1.3138070981427630        1.0000000000000000     
 -0.57261802829785813      -0.32216873126053008       0.82824591140541770        0.0000000000000000     
  -2.1958160227375245      -0.30507746136645986        1.4613394409663114        0.0000000000000000     
   2.1445929630857332       0.26383713029357336       -1.9655294277489077        0.0000000000000000     
   2.4171343597687018      -0.22718012537015023        1.4259969611417174        1.0000000000000000     
   7.1123024353775897       -1.4511293369906419E-002  -1.6022765052641190        1.0000000000000000     
   5.2071300854766767       0.42273755973819260       0.12517369889980282        1.0000000000000000     
   3.0783156271682000        1.1055051601123993        9.4843246397284586E-002   0.0000000000000000     
  0.21511890998630334       -2.6780020402707252       -3.0785693697306389        0.0000000000000000     
  -2.0257280156367719      -0.62007373831487445       0.81071596906444299        0.0000000000000000     
 -0.42427860979591636       0.75417811344294827        1.1785250710315913        0.0000000000000000     
   3.1806561482547804       0.81869596366625108      -0.65797789126590722        0.0000000000000000     
   2.9872205253689446        2.2586727906383626        1.5544481301236992        0.0000000000000000     
   3.6188914289248144       0.39546338032719663      -0.29268452472010453        0.0000000000000000     
  -3.3169539776272492       -2.6333901729694018      -0.68515057766651799        0.0000000000000000     
   2.0512040314288602      -0.25436003922290557       -1.1955823073519323        0.0000000000000000     
  0.72554127824744374      -0.11143258380254500      -0.72126488520135357        0.0000000000000000     
   1.2156618610868528       0.59696584732155134        1.2737701913147326        0.0000000000000000     
   8.1360960159595006       0.90527161218391017      -0.74630842082632887        1.0000000000000000     
   3.3016800986211212        1.2471075710537505        1.1653722198357888        1.0000000000000000     
  -1.8757912969486457       -2.2465196933972469      -0.65632977998494968        0.0000000000000000     
   4.5666115035551460        1.6014700858132105       0.47622084296624995        0.0000000000000000     
  0.61867057356458655      -0.64420702648471284      -0.54804484456910585        0.0000000000000000     
   2.6100994843900809       0.24848533689809679      -0.23094660003353976        0.0000000000000000     
  0.78993280138757216      -0.36613868560185847       0.62134334382139966        1.0000000000000000     
  0.15908865143320172       -1.6964430157349242       0.97962973409493193        1.0000000000000000     
   2.7041411673381734       0.48261777070181505       0.43443953793537377        0.0000000000000000     
   6.5090035008928782        1.9608363211021715       0.32497561636397698        1.0000000000000000     
   2.3146373937994515      -0.55577705252914389       0.26510554287375632        1.0000000000000000     
   6.7658040612680486        1.0397137428407737       -5.2818302886857758E-002   1.0000000000000000     
   3.5896371141201282      -0.54750462598240990      -0.48995846593520970        1.0000000000000000     
   4.6649988464796515        1.6334868361827488        1.1669612280879327        1.0000000000000000     
  -5.1134705019038984       -1.7000887018971249        1.2893516782311718        0.0000000000000000     
   1.1255561160103709      -0.33430707489937300       0.45953358298420699        1.0000000000000000     
   2.2662261631359111        1.2966510329699954        1.3341341507057920        0.0000000000000000     
   6.0521422601770434       0.73577336147356975      -0.51472038196880066        1.0000000000000000     
   2.1957535068975305       -1.0828273942238789       -1.7556208458175036        0.0000000000000000     
   5.8446659927812412       -2.5627115995274208E-003  -1.2468393258812174        1.0000000000000000     
   1.7019000405123348       0.28072432593110769       0.35190529103993085        0.0000000000000000     
   3.4134369606549071        1.8839242744048692       0.43339673003954410        0.0000000000000000     
   2.9679458626481359      -0.57591797397024025      -0.33490649770619474        1.0000000000000000     
   2.3643037676474608        1.7046432811570202        1.3382738955276134        0.0000000000000000     
   4.8397731396490054        1.3900636287889137       0.42872871421603015        1.0000000000000000     
   9.9167866856128377        3.0190544755876898      -0.77188301105721091        0.0000000000000000     
  0.94471847664675113       -1.1186904607633201       -1.1978090878008962        0.0000000000000000     
 -0.66550256415275766      -0.56365060373567133        3.7473738710726914E-002   0.0000000000000000     
   2.5505272172242011       0.34278431582476893      -0.57095664230648679        0.0000000000000000     
   4.9826173053776541       0.50349059046651856      -0.26882517952705515        1.0000000000000000     
   3.3508494608762875       0.35530554112216506       0.96413946571968923        1.0000000000000000     
  0.98012762588258140      -0.54793637404594531       0.73795293084253677        1.0000000000000000     
   3.3465722626948442        1.2666225943194489      -0.85129255807137383        0.0000000000000000     
   4.3274802044310681       0.87983636741794202       0.13555010359705005        1.0000000000000000     
   1.0293887789560454      -0.71292803003723582       0.88339408636606187        1.0000000000000000     
   2.0010387535362986      -0.88774276193457835       0.16630078558935479        1.0000000000000000     
   2.4038937486280472      -0.15582506042420746        1.4470247826315674        1.0000000000000000     
   9.4364283747395774        2.4988972519677524       0.19647519640484512        1.0000000000000000     
   3.3605386193200868      -0.73151028273755259       -1.4589292103258824        0.0000000000000000     
   1.8804128457389719      -0.53415902019720807       -1.4952552240842858        0.0000000000000000     
   4.8212869405555665       0.98030428358774979       0.75816240356021869        1.0000000000000000     
   4.8069022927004816       -1.5501698197600656E-002  -1.5548479318953703        1.0000000000000000     
   8.6608321160574651        2.4861104127544462       0.70593317824292223        1.0000000000000000     
   5.8024230672858677       0.18499849755713840      -0.26434290300241586        1.0000000000000000     
  0.65603270326699015       -1.7034990744668894       -1.3698983489341843        1.0000000000000000     
   2.8826068490009686        4.6943633159233326E-002  0.61355588741331168        1.0000000000000000     
   7.0128322543944073        1.1841584986546789      -0.86561126636035601        1.0000000000000000     
   5.0425366453188794        1.1920764551898300       -8.2549511091821945E-002   1.0000000000000000     
   2.8719501669184644        1.2922737891782750       0.12336867141092618        0.0000000000000000     
   6.0644225397402867       0.70612382838078269      -0.76771968760761466        1.0000000000000000     
   1.5227903558712139       0.39341089253891431       0.55512583283683403        0.0000000000000000     
 -0.96446524516229348       -1.2473442113695294      -0.15526955243447244        0.0000000000000000     
   2.3857202173958330       0.44187606160080395        3.1560203399446179E-002   0.0000000000000000     
   6.8976316679553715        1.2170289408699839      -0.36132479070829143        1.0000000000000000     
   3.8639063607768072      -0.69338623131995603       -3.0127845543215668        0.0000000000000000     
   2.2154705182589769       0.75993669454267143       0.34918856740252341        0.0000000000000000     
   3.3733147696776209      -0.74043991586477220      -0.92825405050737209        1.0000000000000000     
 -0.38355009629269227       -1.6919083955972261       -1.4680717565796904        0.0000000000000000     
  0.80265671109647929       0.41638583510898686      -0.42962227135473108        0.0000000000000000     
   1.8626185508480171       0.23236763346973530       0.32910589283965314        0.0000000000000000     
  -1.8303156442733328       -1.1594005356296819       0.16766426726416372        0.0000000000000000     
  -1.3139131411668217      -0.74821621131775451        1.9202310247648617        0.0000000000000000     
   2.1370002462307114        2.3060645081173867E-002  0.49952314697383121        1.0000000000000000     
   4.9285929183699038       0.85944948490134110       0.45095384653263509        1.0000000000000000     
  -3.3620667279984153      -0.75872886444415055        1.3311324930173700        0.0000000000000000     
 -0.83646785494851494       -1.1295249806871084       0.68267333206208636        0.0000000000000000     
 -0.40699238101062341      -0.58210444731131428       0.68397081013649663        0.0000000000000000     
   4.7357043884227137       0.69484507570913223      -0.18224028263243872        1.0000000000000000     
   6.6975142576472662        1.5485264253929194      -0.58767820697548889        0.0000000000000000     
   9.7375231334313401        1.1213462168816049       -1.8110137119124599        1.0000000000000000     
   2.0235893566880092       0.89258423176054980       0.85907975754489219        0.0000000000000000     
   2.1093289701500089       -1.0575650646300203        1.3122922975597069E-002   1.0000000000000000     
  0.56005112219898923      -0.78511010559988237        1.0428687901591476        1.0000000000000000     
   1.4178947663321364       -1.0561114526553022       -1.2696958770045068        0.0000000000000000     
   1.3149027523186456      -0.11215484523930337      -0.18296567513703899        0.0000000000000000     
   1.7378672336431029       0.63730925387023218       0.33797282650374549        0.0000000000000000     
   9.0822413902042918        2.4956715846295316       -1.0717171994232366        1.0000000000000000     
